2328878418 2173757269 55676388
1604614185 284259424 18300254
871339571 2660737044 103656521
0 2281891142 53219493
3600371492 4267529956 27437340
1755732868 600174302 280911746
225053611 2335110635 5908609
3686191373 3693094019 157260119
2301308430 2341019244 27569988
2249924082 2817678844 51384348
3843451492 3390401982 116711122
866920588 2368589232 4418983
319632173 0 10243502
2384554806 302559678 74545000
2036644614 2373008215 45489224
480632565 1433058022 386288023
3448897781 4166650940 100879016
2082133838 377104678 167790244
2644445775 2418497439 242239605
1305360177 881086048 292964881
3960162614 3638948449 54145570
385155055 1819346045 95477510
4021970860 3919567265 19798429
3085107497 3850354138 69213127
230962220 195589471 88669953
1261037103 2129434195 44323074
3627808832 3085107497 52096478
329875675 544894922 55279380
1622914439 2229433657 52457485
1675371924 1352697078 80360944
974996092 1914823555 107394862
3549776797 3574405015 50594695
3679905310 3632662386 6286063
1082390954 1174050929 178646149
2459099806 10243502 185345969
160435271 2764393565 53285279
3154320624 3939365694 227285246
53219493 2022218417 107215778
3381605870 3507113104 67291911
4041769289 3137203975 253198007
4014308184 3624999710 7662676
213720550 2875352319 11333061
1598325058 2869063192 6289127