3389090999 2596751746 608341779
105086589 871525822 220821758
3187814092 3748571797 34038948
1063982526 822144230 49381592
4071580733 3394766608 36570558
1969786851 1283647913 135669504
2338688657 3782610745 100105665
2105456355 1092347580 1733094
1113364118 0 435632229
325908347 1524404006 161994939
2438794322 4084049871 210917425
4108151291 3471527086 26197923
3997432778 2273224151 74147955
3161148447 2395583294 26665645
621898776 435632229 386512001
4134349214 3882716410 46400134
2649711747 3205093525 86087105
4256353957 2384855243 10728051
487903286 1149652423 133995490
0 1419317417 105086589
4218232485 3356645136 38121472
4180749348 2347372106 37483137
2910301659 3497725009 250846788
2735798852 2422248939 23521261
2273224151 3291180630 65464506
3262042960 3957001832 127048039
1548996347 1686398945 420790504
4267082008 3929116544 27885288
2759320113 2445770200 150981546
1008410777 1094080674 55571749
3221853040 3431337166 40189920