2007324874 2683611319 23475372
1313988767 1367341468 459297221
1773285988 1938578086 234038886
257353189 1257656713 109684755
221312488 2981571133 36040701
3464645820 3633779898 112824320
1132250794 2637724313 45887006
1178137800 0 135850967
810899989 2295076898 321350805
3706800774 4118877604 99172458
3805973232 4218050062 17186653
3823159885 3746604218 37073582
2305284688 135850967 719035066
3146779680 1826638689 111939397
3024319754 2172616972 122459926
3959767492 3783677800 335199804
3934534290 4235236715 25233202
408129309 854886033 402770680
3258719077 2616427703 21296610
3577470140 3504449264 129330634
367037944 3238924322 41091365
3860233467 4260469917 34497379
3894730846 3464645820 39803444
0 3017611834 221312488
2030800246 2707086691 274484442