3878354467 2554575322 61538919
280412900 1377596407 93760042
684284359 195116588 99127467
4078572373 3977755696 216394923
2619535971 3527291682 385503365
1493593206 1581399685 135608385
3693719871 2668857297 184634596
2554575322 3912795047 64960649
3236793954 2853491893 456925917
817630982 1044576172 333020235
1205196262 294244055 132442996
1739244827 1012243273 32332899
1771577726 0 101384292
0 101384292 4968095
101989723 448809000 178423177
4019116409 4194150619 21593654
4040710063 3489429372 37862310
4968095 627232177 97021628
374172942 724253805 287989468
783411826 106352387 34219156
3005039336 2616114241 52743056
3939893386 4215744273 79223023
1629201591 1471356449 110043236
3057782392 3310417810 179011562
1337639258 1717008070 155953948
1150651217 140571543 54545045
662162410 426687051 22121949