2762906378 2204259687 134492279
106349111 681820034 721307054
997408643 115890239 153244527
1512335036 1822350940 381908747
3858505517 4045949291 249018005
1894243783 3569882248 437693111
3820131585 4007575359 38373932
1505707247 3508506612 6627789
2693538653 3439138887 69367725
3029056394 2470409703 186112104
54501260 269134766 51847851
1452421821 3193053968 53285426
850537566 0 115890239
4107523522 3246339394 159303690
4266827212 3164913884 28140084
0 447698702 54501260
3450202466 1452421821 369929119
2897398657 2338751966 131657737
966427805 650839196 30980838
2331936894 3515134401 54747847
2420180544 2656521807 273358109
1206941949 502199962 83686237
1150653170 320982617 56288779
1361055492 585886199 42071596
1290628186 377271396 70427306
2386684741 3405643084 33495803
827656165 627957795 22881401
3215168498 2929879916 235033968