3512511508 3713321076 246696808
1575177202 3115625465 474937809
4090629460 2000274085 135040194
1141835951 1250511056 29255284
151257068 40127528 247347323
796868343 1046685126 203825930
32926673 475089348 115925678
3091489330 2135314279 421022178
4225669654 1871071039 45515305
4018596644 1533302854 72032816
2105871498 1332898874 176621643
398604391 732156704 170521927
2475375726 4289723131 5244165
4271184959 1509520517 23782337
2480619891 2698929267 337643768
3911645962 1605335670 55526138
3759208316 3590563274 122757802
3058110291 3082246426 33379039
1404278872 1916586344 83687741
15821415 1279766340 17105258
0 902678631 15821415
148852351 943795712 2404717
2966942025 2607761001 91168266
1308993408 3036573035 45673391
1000694273 591015026 141141678
756740815 0 40127528
3881966118 1308993408 23905466
1171091235 918500046 25295666
1539650216 3960017884 35526986
1354666799 4047228473 49612073
3905871584 1865296661 5774378
3967172100 2556336457 51424544
2050115011 1809540174 55756487
1487966613 3995544870 51683603
2818263659 1660861808 148678366
569126318 287474851 187614497
2282493141 4096840546 192882585
1196386901 946200429 100484697