1176010827 433228953 11431675
3343304446 3212529205 243926878
3019400776 2809960450 121184456
598353273 717816068 6343029
2345678711 3761800910 44017519
2389696230 4104193148 30873153
334421220 1167819222 181559786
2083857214 2364759797 169609191
169788889 1665299576 164632331
1547379326 837819247 83916771
636928438 1349379008 3985237
1997878235 4242793968 52173328
4036700740 3456456083 70103553
1701551461 724159097 55714896
2050051563 4072991568 31201580
1495464492 0 51914834
1771229473 779873993 57945254
1757266357 444660628 13963116
640913675 1829931907 79566117
604696302 1135587086 32232136
2790976533 2058196402 571198
0 183116767 169788889
581107897 458623744 17245376
1032415123 921736018 143595704
2880695042 3109061793 3719369
3596511671 3547168702 214632208
1989658157 4064771490 8220078
2791547731 1989658157 68538245
1631296097 1065331722 70255364
2253466405 2606294055 92212306
2591363195 3865158152 199613338
2532023472 3805818429 59339723
1253517544 475869120 241946948
3811143879 2058767600 225556861
3334473574 2931144906 8830872
720479792 1353364245 311935331
2420569383 2698506361 111454089
2081253143 2603689984 2604071
3140585232 2939975778 159805668
2860085976 3526559636 20609066
1829174727 352905656 80323297
515981006 117989876 65126891
3587231324 3099781446 9280347
1187442502 51914834 66075042
2953735407 3112781162 65665369
4187239629 4135066301 107727667
3300390900 3178446531 34082674
2884414411 2534368988 69320996
4106804293 2284324461 80435336